0	40	20		10	40	20		20	40	20		30	40	20		
0	32	20		10	32	20		20	32	20		30	32	20		
0	24	20		10	24	20		20	24	20		30	24	20		
0	16	20		10	16	20		20	16	20		30	16	20		
0	8	20		10	8	20		20	8	20		30	8	20		
0	0	20		10	0	20		20	0	20		30	0	20		

0
{0	0	20,	10	0	20,	10	8	20,	0	8	20,	}
1
{0	8	20,	10	8	20,	10	16	20,	0	16	20,	}
2
{0	16	20,	10	16	20,	10	24	20,	0	24	20,	}
3
{0	24	20,	10	24	20,	10	32	20,	0	32	20,	}
4
{0	32	20,	10	32	20,	10	40	20,	0	40	20,	}
5
{10	0	20,	20	0	20,	20	8	20,	10	8	20,	}
6
{10	8	20,	20	8	20,	20	16	20,	10	16	20,	}
7
{10	16	20,	20	16	20,	20	24	20,	10	24	20,	}
8
{10	24	20,	20	24	20,	20	32	20,	10	32	20,	}
9
{10	32	20,	20	32	20,	20	40	20,	10	40	20,	}
10
{20	0	20,	30	0	20,	30	8	20,	20	8	20,	}
11
{20	8	20,	30	8	20,	30	16	20,	20	16	20,	}
12
{20	16	20,	30	16	20,	30	24	20,	20	24	20,	}
13
{20	24	20,	30	24	20,	30	32	20,	20	32	20,	}
14
{20	32	20,	30	32	20,	30	40	20,	20	40	20,	}
